param n := 13;

param:  a         b   c   d   e    p_min p_max:= 
1	0.000280000000000000	8.10000000000000	550	300	0.0350000000000000	0	680
2	0.000560000000000000	8.10000000000000	309	200	0.0420000000000000	0	360
3	0.000560000000000000	8.10000000000000	307	200	0.0420000000000000	0	360
4	0.00324000000000000	7.74000000000000	240	150	0.0630000000000000	60	180
5	0.00324000000000000	7.74000000000000	240	150	0.0630000000000000	60	180
6	0.00324000000000000	7.74000000000000	240	150	0.0630000000000000	60	180
7	0.00324000000000000	7.74000000000000	240	150	0.0630000000000000	60	180
8	0.00324000000000000	7.74000000000000	240	150	0.0630000000000000	60	180
9	0.00324000000000000	7.74000000000000	240	150	0.0630000000000000	60	180
10	0.00284000000000000	8.60000000000000	126	100	0.0840000000000000	40	120
11	0.00284000000000000	8.60000000000000	126	100	0.0840000000000000	40	120
12	0.00284000000000000	8.60000000000000	126	100	0.0840000000000000	55	120
13	0.00284000000000000	8.60000000000000	126	100	0.0840000000000000	55	120;
param D := 2520;

param Xi : 1 2 3 4 5 6 7 8 9 10 11 12 13 14 15 16 17 18 19 20:=
1 0.000000  44.879895  89.759790  134.639685  179.519580  224.399475  269.279370  314.159265  359.039160  403.919055  448.798951  493.678846  538.558741  583.438636  628.318531  673.198426  718.078321 0 0 0 
2 0.000000  37.399913  74.799825  112.199738  149.599650  186.999563  224.399475  261.799388  299.199300  336.599213  373.999125 0 0 0 0 0 0 0 0 0
3 0.000000  37.399913  74.799825  112.199738  149.599650  186.999563  224.399475  261.799388  299.199300  336.599213  373.999125 0 0 0 0 0 0 0 0 0
4 60.000000  84.933275  109.866550  134.799825  159.733100  184.666375  209.599650 0 0 0 0 0 0 0 0 0 0 0 0 0
5 60.000000  84.933275  109.866550  134.799825  159.733100  184.666375  209.599650 0 0 0 0 0 0 0 0 0 0 0 0 0
6 60.000000  84.933275  109.866550  134.799825  159.733100  184.666375  209.599650 0 0 0 0 0 0 0 0 0 0 0 0 0
7 60.000000  84.933275  109.866550  134.799825  159.733100  184.666375  209.599650 0 0 0 0 0 0 0 0 0 0 0 0 0
8 60.000000  84.933275  109.866550  134.799825  159.733100  184.666375  209.599650 0 0 0 0 0 0 0 0 0 0 0 0 0
9 60.000000  84.933275  109.866550  134.799825  159.733100  184.666375  209.599650 0 0 0 0 0 0 0 0 0 0 0 0 0
10 40.000000  58.699956  77.399913  96.099869  114.799825  133.499781  152.199738  0 0 0 0 0 0 0 0 0 0 0 0 0
11 40.000000  58.699956  77.399913  96.099869  114.799825  133.499781  152.199738  0 0 0 0 0 0 0 0 0 0 0 0 0
12 55.000000  73.699956  92.399913  111.099869  129.799825 0 0 0 0 0 0 0 0 0 0 0 0 0 0 0
13 55.000000  73.699956  92.399913  111.099869  129.799825 0 0 0 0 0 0 0 0 0 0 0 0 0 0 0;


param m :=
1 16
2 10
3 10
4 6
5 6
6 6
7 6
8 6
9 6
10 6
11 6
12 4
13 4;

