param n := 3;

param:  a         b   c   d   e    p_min p_max:= 
1       0.001562 7.92 561 300 0.0315 100 600
2       0.00194  7.85 310 200 0.042  100 400
3       0.00482  7.97 78  150 0.063  50  200;
param D := 850;



param m :=
1 12
2 10
3 8;

param Xi : 1 2 3 4 5 6 7 8 9 10 11 12 13 14 15 16 17 18 19 20 :=
1 100.0 149.86655 199.7331 249.59965 299.4662 349.33275 399.1993 449.06585 498.9324 548.7989505 598.665501 648.532051 698.398601 0 0 0 0 0 0 0
2 100.0 137.3999125 174.799825 212.1997375 249.59965 286.9995625 324.399475 361.7993875 399.1993 436.5992125 473.999125 0 0 0 0 0 0 0 0 0
3 50.0 74.933275 99.86655 124.799825 149.7331 174.666375 199.59965 224.532925 249.4662 0 0 0 0 0 0 0 0 0 0 0;
