param n := 3;

param:  a         b   c   d   e    p_min p_max:= 
1       0.001562 7.92 561 300 0.0315 100 600
2       0.00194  7.85 310 200 0.042  100 400
3       0.00482  7.97 78  150 0.063  50  200;
param D := 850;

param Xi : 1 2 3 4 5 6 7 8 9 10 11 12 13 14 15 16 17 18 19 20:=
1 		100.000000 149.866550 199.733100 249.599650 299.466200 349.332750 399.199300 449.065850 498.932400 548.798951 598.665501 648.532051 698.398601 0 0 0 0 0 0 0
2 		100.000000 137.399913 174.799825 212.199738 249.599650 286.999563 324.399475 361.799388 399.199300 436.599213 473.999125 0 0 0 0 0 0 0 0 0
3 		50.000000  74.933275  99.866550  124.799825 149.733100 174.666375 199.599650 224.532925 249.466200  0 0 0 0 0 0 0 0 0 0 0;


param m :=
1	12
2	10
3	8;























